[Mon Oct  7 22:14:54 2024] >> -8 ([0, 0, 0, 1]) * -8 ([0, 0, 0, 1]) = 64 ([0, 0, 0, 0, 0, 0, 1, 0])
[Mon Oct  7 22:14:54 2024] >> -8 ([0, 0, 0, 1]) * -7 ([1, 0, 0, 1]) = 56 ([0, 0, 0, 1, 1, 1, 0, 0])
[Mon Oct  7 22:14:54 2024] >> -8 ([0, 0, 0, 1]) * -6 ([0, 1, 0, 1]) = 48 ([0, 0, 0, 0, 1, 1, 0, 0])
[Mon Oct  7 22:14:54 2024] >> -8 ([0, 0, 0, 1]) * -5 ([1, 1, 0, 1]) = 40 ([0, 0, 0, 1, 0, 1, 0, 0])
[Mon Oct  7 22:14:54 2024] >> -8 ([0, 0, 0, 1]) * -4 ([0, 0, 1, 1]) = 32 ([0, 0, 0, 0, 0, 1, 0, 0])
[Mon Oct  7 22:14:54 2024] >> -8 ([0, 0, 0, 1]) * -3 ([1, 0, 1, 1]) = 24 ([0, 0, 0, 1, 1, 0, 0, 0])
[Mon Oct  7 22:14:54 2024] >> -8 ([0, 0, 0, 1]) * -2 ([0, 1, 1, 1]) = 16 ([0, 0, 0, 0, 1, 0, 0, 0])
[Mon Oct  7 22:14:54 2024] >> -8 ([0, 0, 0, 1]) * -1 ([1, 1, 1, 1]) = 8 ([0, 0, 0, 1, 0, 0, 0, 0])
[Mon Oct  7 22:14:54 2024] >> -8 ([0, 0, 0, 1]) * 0 ([0, 0, 0, 0]) = 0 ([0, 0, 0, 0, 0, 0, 0, 0])
[Mon Oct  7 22:14:54 2024] >> -8 ([0, 0, 0, 1]) * 1 ([1, 0, 0, 0]) = -8 ([0, 0, 0, 1, 1, 1, 1, 1])
[Mon Oct  7 22:14:54 2024] >> -8 ([0, 0, 0, 1]) * 2 ([0, 1, 0, 0]) = -16 ([0, 0, 0, 0, 1, 1, 1, 1])
[Mon Oct  7 22:14:54 2024] >> -8 ([0, 0, 0, 1]) * 3 ([1, 1, 0, 0]) = -24 ([0, 0, 0, 1, 0, 1, 1, 1])
[Mon Oct  7 22:14:54 2024] >> -8 ([0, 0, 0, 1]) * 4 ([0, 0, 1, 0]) = -32 ([0, 0, 0, 0, 0, 1, 1, 1])
[Mon Oct  7 22:14:54 2024] >> -8 ([0, 0, 0, 1]) * 5 ([1, 0, 1, 0]) = -40 ([0, 0, 0, 1, 1, 0, 1, 1])
[Mon Oct  7 22:14:54 2024] >> -8 ([0, 0, 0, 1]) * 6 ([0, 1, 1, 0]) = -48 ([0, 0, 0, 0, 1, 0, 1, 1])
[Mon Oct  7 22:14:54 2024] >> -8 ([0, 0, 0, 1]) * 7 ([1, 1, 1, 0]) = -56 ([0, 0, 0, 1, 0, 0, 1, 1])
[Mon Oct  7 22:14:54 2024] >> -7 ([1, 0, 0, 1]) * -8 ([0, 0, 0, 1]) = 56 ([0, 0, 0, 1, 1, 1, 0, 0])
[Mon Oct  7 22:14:54 2024] >> -7 ([1, 0, 0, 1]) * -7 ([1, 0, 0, 1]) = 49 ([1, 0, 0, 0, 1, 1, 0, 0])
[Mon Oct  7 22:14:54 2024] >> -7 ([1, 0, 0, 1]) * -6 ([0, 1, 0, 1]) = 42 ([0, 1, 0, 1, 0, 1, 0, 0])
[Mon Oct  7 22:14:54 2024] >> -7 ([1, 0, 0, 1]) * -5 ([1, 1, 0, 1]) = 35 ([1, 1, 0, 0, 0, 1, 0, 0])
[Mon Oct  7 22:14:54 2024] >> -7 ([1, 0, 0, 1]) * -4 ([0, 0, 1, 1]) = 28 ([0, 0, 1, 1, 1, 0, 0, 0])
[Mon Oct  7 22:14:54 2024] >> -7 ([1, 0, 0, 1]) * -3 ([1, 0, 1, 1]) = 21 ([1, 0, 1, 0, 1, 0, 0, 0])
[Mon Oct  7 22:14:54 2024] >> -7 ([1, 0, 0, 1]) * -2 ([0, 1, 1, 1]) = 14 ([0, 1, 1, 1, 0, 0, 0, 0])
[Mon Oct  7 22:14:54 2024] >> -7 ([1, 0, 0, 1]) * -1 ([1, 1, 1, 1]) = 7 ([1, 1, 1, 0, 0, 0, 0, 0])
[Mon Oct  7 22:14:54 2024] >> -7 ([1, 0, 0, 1]) * 0 ([0, 0, 0, 0]) = 0 ([0, 0, 0, 0, 0, 0, 0, 0])
[Mon Oct  7 22:14:54 2024] >> -7 ([1, 0, 0, 1]) * 1 ([1, 0, 0, 0]) = -7 ([1, 0, 0, 1, 1, 1, 1, 1])
[Mon Oct  7 22:14:54 2024] >> -7 ([1, 0, 0, 1]) * 2 ([0, 1, 0, 0]) = -14 ([0, 1, 0, 0, 1, 1, 1, 1])
[Mon Oct  7 22:14:54 2024] >> -7 ([1, 0, 0, 1]) * 3 ([1, 1, 0, 0]) = -21 ([1, 1, 0, 1, 0, 1, 1, 1])
[Mon Oct  7 22:14:54 2024] >> -7 ([1, 0, 0, 1]) * 4 ([0, 0, 1, 0]) = -28 ([0, 0, 1, 0, 0, 1, 1, 1])
[Mon Oct  7 22:14:54 2024] >> -7 ([1, 0, 0, 1]) * 5 ([1, 0, 1, 0]) = -35 ([1, 0, 1, 1, 1, 0, 1, 1])
[Mon Oct  7 22:14:54 2024] >> -7 ([1, 0, 0, 1]) * 6 ([0, 1, 1, 0]) = -42 ([0, 1, 1, 0, 1, 0, 1, 1])
[Mon Oct  7 22:14:54 2024] >> -7 ([1, 0, 0, 1]) * 7 ([1, 1, 1, 0]) = -49 ([1, 1, 1, 1, 0, 0, 1, 1])
[Mon Oct  7 22:14:54 2024] >> -6 ([0, 1, 0, 1]) * -8 ([0, 0, 0, 1]) = 48 ([0, 0, 0, 0, 1, 1, 0, 0])
[Mon Oct  7 22:14:54 2024] >> -6 ([0, 1, 0, 1]) * -7 ([1, 0, 0, 1]) = 42 ([0, 1, 0, 1, 0, 1, 0, 0])
[Mon Oct  7 22:14:54 2024] >> -6 ([0, 1, 0, 1]) * -6 ([0, 1, 0, 1]) = 36 ([0, 0, 1, 0, 0, 1, 0, 0])
[Mon Oct  7 22:14:54 2024] >> -6 ([0, 1, 0, 1]) * -5 ([1, 1, 0, 1]) = 30 ([0, 1, 1, 1, 1, 0, 0, 0])
[Mon Oct  7 22:14:54 2024] >> -6 ([0, 1, 0, 1]) * -4 ([0, 0, 1, 1]) = 24 ([0, 0, 0, 1, 1, 0, 0, 0])
[Mon Oct  7 22:14:54 2024] >> -6 ([0, 1, 0, 1]) * -3 ([1, 0, 1, 1]) = 18 ([0, 1, 0, 0, 1, 0, 0, 0])
[Mon Oct  7 22:14:54 2024] >> -6 ([0, 1, 0, 1]) * -2 ([0, 1, 1, 1]) = 12 ([0, 0, 1, 1, 0, 0, 0, 0])
[Mon Oct  7 22:14:54 2024] >> -6 ([0, 1, 0, 1]) * -1 ([1, 1, 1, 1]) = 6 ([0, 1, 1, 0, 0, 0, 0, 0])
[Mon Oct  7 22:14:54 2024] >> -6 ([0, 1, 0, 1]) * 0 ([0, 0, 0, 0]) = 0 ([0, 0, 0, 0, 0, 0, 0, 0])
[Mon Oct  7 22:14:54 2024] >> -6 ([0, 1, 0, 1]) * 1 ([1, 0, 0, 0]) = -6 ([0, 1, 0, 1, 1, 1, 1, 1])
[Mon Oct  7 22:14:54 2024] >> -6 ([0, 1, 0, 1]) * 2 ([0, 1, 0, 0]) = -12 ([0, 0, 1, 0, 1, 1, 1, 1])
[Mon Oct  7 22:14:54 2024] >> -6 ([0, 1, 0, 1]) * 3 ([1, 1, 0, 0]) = -18 ([0, 1, 1, 1, 0, 1, 1, 1])
[Mon Oct  7 22:14:54 2024] >> -6 ([0, 1, 0, 1]) * 4 ([0, 0, 1, 0]) = -24 ([0, 0, 0, 1, 0, 1, 1, 1])
[Mon Oct  7 22:14:54 2024] >> -6 ([0, 1, 0, 1]) * 5 ([1, 0, 1, 0]) = -30 ([0, 1, 0, 0, 0, 1, 1, 1])
[Mon Oct  7 22:14:54 2024] >> -6 ([0, 1, 0, 1]) * 6 ([0, 1, 1, 0]) = -36 ([0, 0, 1, 1, 1, 0, 1, 1])
[Mon Oct  7 22:14:54 2024] >> -6 ([0, 1, 0, 1]) * 7 ([1, 1, 1, 0]) = -42 ([0, 1, 1, 0, 1, 0, 1, 1])
[Mon Oct  7 22:14:54 2024] >> -5 ([1, 1, 0, 1]) * -8 ([0, 0, 0, 1]) = 40 ([0, 0, 0, 1, 0, 1, 0, 0])
[Mon Oct  7 22:14:54 2024] >> -5 ([1, 1, 0, 1]) * -7 ([1, 0, 0, 1]) = 35 ([1, 1, 0, 0, 0, 1, 0, 0])
[Mon Oct  7 22:14:54 2024] >> -5 ([1, 1, 0, 1]) * -6 ([0, 1, 0, 1]) = 30 ([0, 1, 1, 1, 1, 0, 0, 0])
[Mon Oct  7 22:14:54 2024] >> -5 ([1, 1, 0, 1]) * -5 ([1, 1, 0, 1]) = 25 ([1, 0, 0, 1, 1, 0, 0, 0])
[Mon Oct  7 22:14:54 2024] >> -5 ([1, 1, 0, 1]) * -4 ([0, 0, 1, 1]) = 20 ([0, 0, 1, 0, 1, 0, 0, 0])
[Mon Oct  7 22:14:54 2024] >> -5 ([1, 1, 0, 1]) * -3 ([1, 0, 1, 1]) = 15 ([1, 1, 1, 1, 0, 0, 0, 0])
[Mon Oct  7 22:14:54 2024] >> -5 ([1, 1, 0, 1]) * -2 ([0, 1, 1, 1]) = 10 ([0, 1, 0, 1, 0, 0, 0, 0])
[Mon Oct  7 22:14:54 2024] >> -5 ([1, 1, 0, 1]) * -1 ([1, 1, 1, 1]) = 5 ([1, 0, 1, 0, 0, 0, 0, 0])
[Mon Oct  7 22:14:54 2024] >> -5 ([1, 1, 0, 1]) * 0 ([0, 0, 0, 0]) = 0 ([0, 0, 0, 0, 0, 0, 0, 0])
[Mon Oct  7 22:14:54 2024] >> -5 ([1, 1, 0, 1]) * 1 ([1, 0, 0, 0]) = -5 ([1, 1, 0, 1, 1, 1, 1, 1])
[Mon Oct  7 22:14:54 2024] >> -5 ([1, 1, 0, 1]) * 2 ([0, 1, 0, 0]) = -10 ([0, 1, 1, 0, 1, 1, 1, 1])
[Mon Oct  7 22:14:54 2024] >> -5 ([1, 1, 0, 1]) * 3 ([1, 1, 0, 0]) = -15 ([1, 0, 0, 0, 1, 1, 1, 1])
[Mon Oct  7 22:14:54 2024] >> -5 ([1, 1, 0, 1]) * 4 ([0, 0, 1, 0]) = -20 ([0, 0, 1, 1, 0, 1, 1, 1])
[Mon Oct  7 22:14:54 2024] >> -5 ([1, 1, 0, 1]) * 5 ([1, 0, 1, 0]) = -25 ([1, 1, 1, 0, 0, 1, 1, 1])
[Mon Oct  7 22:14:54 2024] >> -5 ([1, 1, 0, 1]) * 6 ([0, 1, 1, 0]) = -30 ([0, 1, 0, 0, 0, 1, 1, 1])
[Mon Oct  7 22:14:54 2024] >> -5 ([1, 1, 0, 1]) * 7 ([1, 1, 1, 0]) = -35 ([1, 0, 1, 1, 1, 0, 1, 1])
[Mon Oct  7 22:14:54 2024] >> -4 ([0, 0, 1, 1]) * -8 ([0, 0, 0, 1]) = 32 ([0, 0, 0, 0, 0, 1, 0, 0])
[Mon Oct  7 22:14:54 2024] >> -4 ([0, 0, 1, 1]) * -7 ([1, 0, 0, 1]) = 28 ([0, 0, 1, 1, 1, 0, 0, 0])
[Mon Oct  7 22:14:54 2024] >> -4 ([0, 0, 1, 1]) * -6 ([0, 1, 0, 1]) = 24 ([0, 0, 0, 1, 1, 0, 0, 0])
[Mon Oct  7 22:14:54 2024] >> -4 ([0, 0, 1, 1]) * -5 ([1, 1, 0, 1]) = 20 ([0, 0, 1, 0, 1, 0, 0, 0])
[Mon Oct  7 22:14:54 2024] >> -4 ([0, 0, 1, 1]) * -4 ([0, 0, 1, 1]) = 16 ([0, 0, 0, 0, 1, 0, 0, 0])
[Mon Oct  7 22:14:54 2024] >> -4 ([0, 0, 1, 1]) * -3 ([1, 0, 1, 1]) = 12 ([0, 0, 1, 1, 0, 0, 0, 0])
[Mon Oct  7 22:14:54 2024] >> -4 ([0, 0, 1, 1]) * -2 ([0, 1, 1, 1]) = 8 ([0, 0, 0, 1, 0, 0, 0, 0])
[Mon Oct  7 22:14:54 2024] >> -4 ([0, 0, 1, 1]) * -1 ([1, 1, 1, 1]) = 4 ([0, 0, 1, 0, 0, 0, 0, 0])
[Mon Oct  7 22:14:54 2024] >> -4 ([0, 0, 1, 1]) * 0 ([0, 0, 0, 0]) = 0 ([0, 0, 0, 0, 0, 0, 0, 0])
[Mon Oct  7 22:14:54 2024] >> -4 ([0, 0, 1, 1]) * 1 ([1, 0, 0, 0]) = -4 ([0, 0, 1, 1, 1, 1, 1, 1])
[Mon Oct  7 22:14:54 2024] >> -4 ([0, 0, 1, 1]) * 2 ([0, 1, 0, 0]) = -8 ([0, 0, 0, 1, 1, 1, 1, 1])
[Mon Oct  7 22:14:54 2024] >> -4 ([0, 0, 1, 1]) * 3 ([1, 1, 0, 0]) = -12 ([0, 0, 1, 0, 1, 1, 1, 1])
[Mon Oct  7 22:14:54 2024] >> -4 ([0, 0, 1, 1]) * 4 ([0, 0, 1, 0]) = -16 ([0, 0, 0, 0, 1, 1, 1, 1])
[Mon Oct  7 22:14:54 2024] >> -4 ([0, 0, 1, 1]) * 5 ([1, 0, 1, 0]) = -20 ([0, 0, 1, 1, 0, 1, 1, 1])
[Mon Oct  7 22:14:54 2024] >> -4 ([0, 0, 1, 1]) * 6 ([0, 1, 1, 0]) = -24 ([0, 0, 0, 1, 0, 1, 1, 1])
[Mon Oct  7 22:14:54 2024] >> -4 ([0, 0, 1, 1]) * 7 ([1, 1, 1, 0]) = -28 ([0, 0, 1, 0, 0, 1, 1, 1])
[Mon Oct  7 22:14:54 2024] >> -3 ([1, 0, 1, 1]) * -8 ([0, 0, 0, 1]) = 24 ([0, 0, 0, 1, 1, 0, 0, 0])
[Mon Oct  7 22:14:54 2024] >> -3 ([1, 0, 1, 1]) * -7 ([1, 0, 0, 1]) = 21 ([1, 0, 1, 0, 1, 0, 0, 0])
[Mon Oct  7 22:14:54 2024] >> -3 ([1, 0, 1, 1]) * -6 ([0, 1, 0, 1]) = 18 ([0, 1, 0, 0, 1, 0, 0, 0])
[Mon Oct  7 22:14:54 2024] >> -3 ([1, 0, 1, 1]) * -5 ([1, 1, 0, 1]) = 15 ([1, 1, 1, 1, 0, 0, 0, 0])
[Mon Oct  7 22:14:54 2024] >> -3 ([1, 0, 1, 1]) * -4 ([0, 0, 1, 1]) = 12 ([0, 0, 1, 1, 0, 0, 0, 0])
[Mon Oct  7 22:14:54 2024] >> -3 ([1, 0, 1, 1]) * -3 ([1, 0, 1, 1]) = 9 ([1, 0, 0, 1, 0, 0, 0, 0])
[Mon Oct  7 22:14:54 2024] >> -3 ([1, 0, 1, 1]) * -2 ([0, 1, 1, 1]) = 6 ([0, 1, 1, 0, 0, 0, 0, 0])
[Mon Oct  7 22:14:54 2024] >> -3 ([1, 0, 1, 1]) * -1 ([1, 1, 1, 1]) = 3 ([1, 1, 0, 0, 0, 0, 0, 0])
[Mon Oct  7 22:14:54 2024] >> -3 ([1, 0, 1, 1]) * 0 ([0, 0, 0, 0]) = 0 ([0, 0, 0, 0, 0, 0, 0, 0])
[Mon Oct  7 22:14:54 2024] >> -3 ([1, 0, 1, 1]) * 1 ([1, 0, 0, 0]) = -3 ([1, 0, 1, 1, 1, 1, 1, 1])
[Mon Oct  7 22:14:54 2024] >> -3 ([1, 0, 1, 1]) * 2 ([0, 1, 0, 0]) = -6 ([0, 1, 0, 1, 1, 1, 1, 1])
[Mon Oct  7 22:14:54 2024] >> -3 ([1, 0, 1, 1]) * 3 ([1, 1, 0, 0]) = -9 ([1, 1, 1, 0, 1, 1, 1, 1])
[Mon Oct  7 22:14:54 2024] >> -3 ([1, 0, 1, 1]) * 4 ([0, 0, 1, 0]) = -12 ([0, 0, 1, 0, 1, 1, 1, 1])
[Mon Oct  7 22:14:54 2024] >> -3 ([1, 0, 1, 1]) * 5 ([1, 0, 1, 0]) = -15 ([1, 0, 0, 0, 1, 1, 1, 1])
[Mon Oct  7 22:14:55 2024] >> -3 ([1, 0, 1, 1]) * 6 ([0, 1, 1, 0]) = -18 ([0, 1, 1, 1, 0, 1, 1, 1])
[Mon Oct  7 22:14:55 2024] >> -3 ([1, 0, 1, 1]) * 7 ([1, 1, 1, 0]) = -21 ([1, 1, 0, 1, 0, 1, 1, 1])
[Mon Oct  7 22:14:55 2024] >> -2 ([0, 1, 1, 1]) * -8 ([0, 0, 0, 1]) = 16 ([0, 0, 0, 0, 1, 0, 0, 0])
[Mon Oct  7 22:14:55 2024] >> -2 ([0, 1, 1, 1]) * -7 ([1, 0, 0, 1]) = 14 ([0, 1, 1, 1, 0, 0, 0, 0])
[Mon Oct  7 22:14:55 2024] >> -2 ([0, 1, 1, 1]) * -6 ([0, 1, 0, 1]) = 12 ([0, 0, 1, 1, 0, 0, 0, 0])
[Mon Oct  7 22:14:55 2024] >> -2 ([0, 1, 1, 1]) * -5 ([1, 1, 0, 1]) = 10 ([0, 1, 0, 1, 0, 0, 0, 0])
[Mon Oct  7 22:14:55 2024] >> -2 ([0, 1, 1, 1]) * -4 ([0, 0, 1, 1]) = 8 ([0, 0, 0, 1, 0, 0, 0, 0])
[Mon Oct  7 22:14:55 2024] >> -2 ([0, 1, 1, 1]) * -3 ([1, 0, 1, 1]) = 6 ([0, 1, 1, 0, 0, 0, 0, 0])
[Mon Oct  7 22:14:55 2024] >> -2 ([0, 1, 1, 1]) * -2 ([0, 1, 1, 1]) = 4 ([0, 0, 1, 0, 0, 0, 0, 0])
[Mon Oct  7 22:14:55 2024] >> -2 ([0, 1, 1, 1]) * -1 ([1, 1, 1, 1]) = 2 ([0, 1, 0, 0, 0, 0, 0, 0])
[Mon Oct  7 22:14:55 2024] >> -2 ([0, 1, 1, 1]) * 0 ([0, 0, 0, 0]) = 0 ([0, 0, 0, 0, 0, 0, 0, 0])
[Mon Oct  7 22:14:55 2024] >> -2 ([0, 1, 1, 1]) * 1 ([1, 0, 0, 0]) = -2 ([0, 1, 1, 1, 1, 1, 1, 1])
[Mon Oct  7 22:14:55 2024] >> -2 ([0, 1, 1, 1]) * 2 ([0, 1, 0, 0]) = -4 ([0, 0, 1, 1, 1, 1, 1, 1])
[Mon Oct  7 22:14:55 2024] >> -2 ([0, 1, 1, 1]) * 3 ([1, 1, 0, 0]) = -6 ([0, 1, 0, 1, 1, 1, 1, 1])
[Mon Oct  7 22:14:55 2024] >> -2 ([0, 1, 1, 1]) * 4 ([0, 0, 1, 0]) = -8 ([0, 0, 0, 1, 1, 1, 1, 1])
[Mon Oct  7 22:14:55 2024] >> -2 ([0, 1, 1, 1]) * 5 ([1, 0, 1, 0]) = -10 ([0, 1, 1, 0, 1, 1, 1, 1])
[Mon Oct  7 22:14:55 2024] >> -2 ([0, 1, 1, 1]) * 6 ([0, 1, 1, 0]) = -12 ([0, 0, 1, 0, 1, 1, 1, 1])
[Mon Oct  7 22:14:55 2024] >> -2 ([0, 1, 1, 1]) * 7 ([1, 1, 1, 0]) = -14 ([0, 1, 0, 0, 1, 1, 1, 1])
[Mon Oct  7 22:14:55 2024] >> -1 ([1, 1, 1, 1]) * -8 ([0, 0, 0, 1]) = 8 ([0, 0, 0, 1, 0, 0, 0, 0])
[Mon Oct  7 22:14:55 2024] >> -1 ([1, 1, 1, 1]) * -7 ([1, 0, 0, 1]) = 7 ([1, 1, 1, 0, 0, 0, 0, 0])
[Mon Oct  7 22:14:55 2024] >> -1 ([1, 1, 1, 1]) * -6 ([0, 1, 0, 1]) = 6 ([0, 1, 1, 0, 0, 0, 0, 0])
[Mon Oct  7 22:14:55 2024] >> -1 ([1, 1, 1, 1]) * -5 ([1, 1, 0, 1]) = 5 ([1, 0, 1, 0, 0, 0, 0, 0])
[Mon Oct  7 22:14:55 2024] >> -1 ([1, 1, 1, 1]) * -4 ([0, 0, 1, 1]) = 4 ([0, 0, 1, 0, 0, 0, 0, 0])
[Mon Oct  7 22:14:55 2024] >> -1 ([1, 1, 1, 1]) * -3 ([1, 0, 1, 1]) = 3 ([1, 1, 0, 0, 0, 0, 0, 0])
[Mon Oct  7 22:14:55 2024] >> -1 ([1, 1, 1, 1]) * -2 ([0, 1, 1, 1]) = 2 ([0, 1, 0, 0, 0, 0, 0, 0])
[Mon Oct  7 22:14:55 2024] >> -1 ([1, 1, 1, 1]) * -1 ([1, 1, 1, 1]) = 1 ([1, 0, 0, 0, 0, 0, 0, 0])
[Mon Oct  7 22:14:55 2024] >> -1 ([1, 1, 1, 1]) * 0 ([0, 0, 0, 0]) = 0 ([0, 0, 0, 0, 0, 0, 0, 0])
[Mon Oct  7 22:14:55 2024] >> -1 ([1, 1, 1, 1]) * 1 ([1, 0, 0, 0]) = -1 ([1, 1, 1, 1, 1, 1, 1, 1])
[Mon Oct  7 22:14:55 2024] >> -1 ([1, 1, 1, 1]) * 2 ([0, 1, 0, 0]) = -2 ([0, 1, 1, 1, 1, 1, 1, 1])
[Mon Oct  7 22:14:55 2024] >> -1 ([1, 1, 1, 1]) * 3 ([1, 1, 0, 0]) = -3 ([1, 0, 1, 1, 1, 1, 1, 1])
[Mon Oct  7 22:14:55 2024] >> -1 ([1, 1, 1, 1]) * 4 ([0, 0, 1, 0]) = -4 ([0, 0, 1, 1, 1, 1, 1, 1])
[Mon Oct  7 22:14:55 2024] >> -1 ([1, 1, 1, 1]) * 5 ([1, 0, 1, 0]) = -5 ([1, 1, 0, 1, 1, 1, 1, 1])
[Mon Oct  7 22:14:55 2024] >> -1 ([1, 1, 1, 1]) * 6 ([0, 1, 1, 0]) = -6 ([0, 1, 0, 1, 1, 1, 1, 1])
[Mon Oct  7 22:14:55 2024] >> -1 ([1, 1, 1, 1]) * 7 ([1, 1, 1, 0]) = -7 ([1, 0, 0, 1, 1, 1, 1, 1])
[Mon Oct  7 22:14:55 2024] >> 0 ([0, 0, 0, 0]) * -8 ([0, 0, 0, 1]) = 0 ([0, 0, 0, 0, 0, 0, 0, 0])
[Mon Oct  7 22:14:55 2024] >> 0 ([0, 0, 0, 0]) * -7 ([1, 0, 0, 1]) = 0 ([0, 0, 0, 0, 0, 0, 0, 0])
[Mon Oct  7 22:14:55 2024] >> 0 ([0, 0, 0, 0]) * -6 ([0, 1, 0, 1]) = 0 ([0, 0, 0, 0, 0, 0, 0, 0])
[Mon Oct  7 22:14:55 2024] >> 0 ([0, 0, 0, 0]) * -5 ([1, 1, 0, 1]) = 0 ([0, 0, 0, 0, 0, 0, 0, 0])
[Mon Oct  7 22:14:55 2024] >> 0 ([0, 0, 0, 0]) * -4 ([0, 0, 1, 1]) = 0 ([0, 0, 0, 0, 0, 0, 0, 0])
[Mon Oct  7 22:14:55 2024] >> 0 ([0, 0, 0, 0]) * -3 ([1, 0, 1, 1]) = 0 ([0, 0, 0, 0, 0, 0, 0, 0])
[Mon Oct  7 22:14:55 2024] >> 0 ([0, 0, 0, 0]) * -2 ([0, 1, 1, 1]) = 0 ([0, 0, 0, 0, 0, 0, 0, 0])
[Mon Oct  7 22:14:55 2024] >> 0 ([0, 0, 0, 0]) * -1 ([1, 1, 1, 1]) = 0 ([0, 0, 0, 0, 0, 0, 0, 0])
[Mon Oct  7 22:14:55 2024] >> 0 ([0, 0, 0, 0]) * 0 ([0, 0, 0, 0]) = 0 ([0, 0, 0, 0, 0, 0, 0, 0])
[Mon Oct  7 22:14:55 2024] >> 0 ([0, 0, 0, 0]) * 1 ([1, 0, 0, 0]) = 0 ([0, 0, 0, 0, 0, 0, 0, 0])
[Mon Oct  7 22:14:55 2024] >> 0 ([0, 0, 0, 0]) * 2 ([0, 1, 0, 0]) = 0 ([0, 0, 0, 0, 0, 0, 0, 0])
[Mon Oct  7 22:14:55 2024] >> 0 ([0, 0, 0, 0]) * 3 ([1, 1, 0, 0]) = 0 ([0, 0, 0, 0, 0, 0, 0, 0])
[Mon Oct  7 22:14:55 2024] >> 0 ([0, 0, 0, 0]) * 4 ([0, 0, 1, 0]) = 0 ([0, 0, 0, 0, 0, 0, 0, 0])
[Mon Oct  7 22:14:55 2024] >> 0 ([0, 0, 0, 0]) * 5 ([1, 0, 1, 0]) = 0 ([0, 0, 0, 0, 0, 0, 0, 0])
[Mon Oct  7 22:14:55 2024] >> 0 ([0, 0, 0, 0]) * 6 ([0, 1, 1, 0]) = 0 ([0, 0, 0, 0, 0, 0, 0, 0])
[Mon Oct  7 22:14:55 2024] >> 0 ([0, 0, 0, 0]) * 7 ([1, 1, 1, 0]) = 0 ([0, 0, 0, 0, 0, 0, 0, 0])
[Mon Oct  7 22:14:55 2024] >> 1 ([1, 0, 0, 0]) * -8 ([0, 0, 0, 1]) = -8 ([0, 0, 0, 1, 1, 1, 1, 1])
[Mon Oct  7 22:14:55 2024] >> 1 ([1, 0, 0, 0]) * -7 ([1, 0, 0, 1]) = -7 ([1, 0, 0, 1, 1, 1, 1, 1])
[Mon Oct  7 22:14:55 2024] >> 1 ([1, 0, 0, 0]) * -6 ([0, 1, 0, 1]) = -6 ([0, 1, 0, 1, 1, 1, 1, 1])
[Mon Oct  7 22:14:55 2024] >> 1 ([1, 0, 0, 0]) * -5 ([1, 1, 0, 1]) = -5 ([1, 1, 0, 1, 1, 1, 1, 1])
[Mon Oct  7 22:14:55 2024] >> 1 ([1, 0, 0, 0]) * -4 ([0, 0, 1, 1]) = -4 ([0, 0, 1, 1, 1, 1, 1, 1])
[Mon Oct  7 22:14:55 2024] >> 1 ([1, 0, 0, 0]) * -3 ([1, 0, 1, 1]) = -3 ([1, 0, 1, 1, 1, 1, 1, 1])
[Mon Oct  7 22:14:55 2024] >> 1 ([1, 0, 0, 0]) * -2 ([0, 1, 1, 1]) = -2 ([0, 1, 1, 1, 1, 1, 1, 1])
[Mon Oct  7 22:14:55 2024] >> 1 ([1, 0, 0, 0]) * -1 ([1, 1, 1, 1]) = -1 ([1, 1, 1, 1, 1, 1, 1, 1])
[Mon Oct  7 22:14:55 2024] >> 1 ([1, 0, 0, 0]) * 0 ([0, 0, 0, 0]) = 0 ([0, 0, 0, 0, 0, 0, 0, 0])
[Mon Oct  7 22:14:55 2024] >> 1 ([1, 0, 0, 0]) * 1 ([1, 0, 0, 0]) = 1 ([1, 0, 0, 0, 0, 0, 0, 0])
[Mon Oct  7 22:14:55 2024] >> 1 ([1, 0, 0, 0]) * 2 ([0, 1, 0, 0]) = 2 ([0, 1, 0, 0, 0, 0, 0, 0])
[Mon Oct  7 22:14:55 2024] >> 1 ([1, 0, 0, 0]) * 3 ([1, 1, 0, 0]) = 3 ([1, 1, 0, 0, 0, 0, 0, 0])
[Mon Oct  7 22:14:55 2024] >> 1 ([1, 0, 0, 0]) * 4 ([0, 0, 1, 0]) = 4 ([0, 0, 1, 0, 0, 0, 0, 0])
[Mon Oct  7 22:14:55 2024] >> 1 ([1, 0, 0, 0]) * 5 ([1, 0, 1, 0]) = 5 ([1, 0, 1, 0, 0, 0, 0, 0])
[Mon Oct  7 22:14:55 2024] >> 1 ([1, 0, 0, 0]) * 6 ([0, 1, 1, 0]) = 6 ([0, 1, 1, 0, 0, 0, 0, 0])
[Mon Oct  7 22:14:55 2024] >> 1 ([1, 0, 0, 0]) * 7 ([1, 1, 1, 0]) = 7 ([1, 1, 1, 0, 0, 0, 0, 0])
[Mon Oct  7 22:14:55 2024] >> 2 ([0, 1, 0, 0]) * -8 ([0, 0, 0, 1]) = -16 ([0, 0, 0, 0, 1, 1, 1, 1])
[Mon Oct  7 22:14:55 2024] >> 2 ([0, 1, 0, 0]) * -7 ([1, 0, 0, 1]) = -14 ([0, 1, 0, 0, 1, 1, 1, 1])
[Mon Oct  7 22:14:55 2024] >> 2 ([0, 1, 0, 0]) * -6 ([0, 1, 0, 1]) = -12 ([0, 0, 1, 0, 1, 1, 1, 1])
[Mon Oct  7 22:14:55 2024] >> 2 ([0, 1, 0, 0]) * -5 ([1, 1, 0, 1]) = -10 ([0, 1, 1, 0, 1, 1, 1, 1])
[Mon Oct  7 22:14:55 2024] >> 2 ([0, 1, 0, 0]) * -4 ([0, 0, 1, 1]) = -8 ([0, 0, 0, 1, 1, 1, 1, 1])
[Mon Oct  7 22:14:55 2024] >> 2 ([0, 1, 0, 0]) * -3 ([1, 0, 1, 1]) = -6 ([0, 1, 0, 1, 1, 1, 1, 1])
[Mon Oct  7 22:14:55 2024] >> 2 ([0, 1, 0, 0]) * -2 ([0, 1, 1, 1]) = -4 ([0, 0, 1, 1, 1, 1, 1, 1])
[Mon Oct  7 22:14:55 2024] >> 2 ([0, 1, 0, 0]) * -1 ([1, 1, 1, 1]) = -2 ([0, 1, 1, 1, 1, 1, 1, 1])
[Mon Oct  7 22:14:55 2024] >> 2 ([0, 1, 0, 0]) * 0 ([0, 0, 0, 0]) = 0 ([0, 0, 0, 0, 0, 0, 0, 0])
[Mon Oct  7 22:14:55 2024] >> 2 ([0, 1, 0, 0]) * 1 ([1, 0, 0, 0]) = 2 ([0, 1, 0, 0, 0, 0, 0, 0])
[Mon Oct  7 22:14:55 2024] >> 2 ([0, 1, 0, 0]) * 2 ([0, 1, 0, 0]) = 4 ([0, 0, 1, 0, 0, 0, 0, 0])
[Mon Oct  7 22:14:55 2024] >> 2 ([0, 1, 0, 0]) * 3 ([1, 1, 0, 0]) = 6 ([0, 1, 1, 0, 0, 0, 0, 0])
[Mon Oct  7 22:14:55 2024] >> 2 ([0, 1, 0, 0]) * 4 ([0, 0, 1, 0]) = 8 ([0, 0, 0, 1, 0, 0, 0, 0])
[Mon Oct  7 22:14:55 2024] >> 2 ([0, 1, 0, 0]) * 5 ([1, 0, 1, 0]) = 10 ([0, 1, 0, 1, 0, 0, 0, 0])
[Mon Oct  7 22:14:55 2024] >> 2 ([0, 1, 0, 0]) * 6 ([0, 1, 1, 0]) = 12 ([0, 0, 1, 1, 0, 0, 0, 0])
[Mon Oct  7 22:14:55 2024] >> 2 ([0, 1, 0, 0]) * 7 ([1, 1, 1, 0]) = 14 ([0, 1, 1, 1, 0, 0, 0, 0])
[Mon Oct  7 22:14:55 2024] >> 3 ([1, 1, 0, 0]) * -8 ([0, 0, 0, 1]) = -24 ([0, 0, 0, 1, 0, 1, 1, 1])
[Mon Oct  7 22:14:55 2024] >> 3 ([1, 1, 0, 0]) * -7 ([1, 0, 0, 1]) = -21 ([1, 1, 0, 1, 0, 1, 1, 1])
[Mon Oct  7 22:14:55 2024] >> 3 ([1, 1, 0, 0]) * -6 ([0, 1, 0, 1]) = -18 ([0, 1, 1, 1, 0, 1, 1, 1])
[Mon Oct  7 22:14:55 2024] >> 3 ([1, 1, 0, 0]) * -5 ([1, 1, 0, 1]) = -15 ([1, 0, 0, 0, 1, 1, 1, 1])
[Mon Oct  7 22:14:55 2024] >> 3 ([1, 1, 0, 0]) * -4 ([0, 0, 1, 1]) = -12 ([0, 0, 1, 0, 1, 1, 1, 1])
[Mon Oct  7 22:14:55 2024] >> 3 ([1, 1, 0, 0]) * -3 ([1, 0, 1, 1]) = -9 ([1, 1, 1, 0, 1, 1, 1, 1])
[Mon Oct  7 22:14:55 2024] >> 3 ([1, 1, 0, 0]) * -2 ([0, 1, 1, 1]) = -6 ([0, 1, 0, 1, 1, 1, 1, 1])
[Mon Oct  7 22:14:55 2024] >> 3 ([1, 1, 0, 0]) * -1 ([1, 1, 1, 1]) = -3 ([1, 0, 1, 1, 1, 1, 1, 1])
[Mon Oct  7 22:14:55 2024] >> 3 ([1, 1, 0, 0]) * 0 ([0, 0, 0, 0]) = 0 ([0, 0, 0, 0, 0, 0, 0, 0])
[Mon Oct  7 22:14:55 2024] >> 3 ([1, 1, 0, 0]) * 1 ([1, 0, 0, 0]) = 3 ([1, 1, 0, 0, 0, 0, 0, 0])
[Mon Oct  7 22:14:55 2024] >> 3 ([1, 1, 0, 0]) * 2 ([0, 1, 0, 0]) = 6 ([0, 1, 1, 0, 0, 0, 0, 0])
[Mon Oct  7 22:14:55 2024] >> 3 ([1, 1, 0, 0]) * 3 ([1, 1, 0, 0]) = 9 ([1, 0, 0, 1, 0, 0, 0, 0])
[Mon Oct  7 22:14:55 2024] >> 3 ([1, 1, 0, 0]) * 4 ([0, 0, 1, 0]) = 12 ([0, 0, 1, 1, 0, 0, 0, 0])
[Mon Oct  7 22:14:55 2024] >> 3 ([1, 1, 0, 0]) * 5 ([1, 0, 1, 0]) = 15 ([1, 1, 1, 1, 0, 0, 0, 0])
[Mon Oct  7 22:14:55 2024] >> 3 ([1, 1, 0, 0]) * 6 ([0, 1, 1, 0]) = 18 ([0, 1, 0, 0, 1, 0, 0, 0])
[Mon Oct  7 22:14:55 2024] >> 3 ([1, 1, 0, 0]) * 7 ([1, 1, 1, 0]) = 21 ([1, 0, 1, 0, 1, 0, 0, 0])
[Mon Oct  7 22:14:55 2024] >> 4 ([0, 0, 1, 0]) * -8 ([0, 0, 0, 1]) = -32 ([0, 0, 0, 0, 0, 1, 1, 1])
[Mon Oct  7 22:14:55 2024] >> 4 ([0, 0, 1, 0]) * -7 ([1, 0, 0, 1]) = -28 ([0, 0, 1, 0, 0, 1, 1, 1])
[Mon Oct  7 22:14:55 2024] >> 4 ([0, 0, 1, 0]) * -6 ([0, 1, 0, 1]) = -24 ([0, 0, 0, 1, 0, 1, 1, 1])
[Mon Oct  7 22:14:55 2024] >> 4 ([0, 0, 1, 0]) * -5 ([1, 1, 0, 1]) = -20 ([0, 0, 1, 1, 0, 1, 1, 1])
[Mon Oct  7 22:14:55 2024] >> 4 ([0, 0, 1, 0]) * -4 ([0, 0, 1, 1]) = -16 ([0, 0, 0, 0, 1, 1, 1, 1])
[Mon Oct  7 22:14:55 2024] >> 4 ([0, 0, 1, 0]) * -3 ([1, 0, 1, 1]) = -12 ([0, 0, 1, 0, 1, 1, 1, 1])
[Mon Oct  7 22:14:55 2024] >> 4 ([0, 0, 1, 0]) * -2 ([0, 1, 1, 1]) = -8 ([0, 0, 0, 1, 1, 1, 1, 1])
[Mon Oct  7 22:14:55 2024] >> 4 ([0, 0, 1, 0]) * -1 ([1, 1, 1, 1]) = -4 ([0, 0, 1, 1, 1, 1, 1, 1])
[Mon Oct  7 22:14:55 2024] >> 4 ([0, 0, 1, 0]) * 0 ([0, 0, 0, 0]) = 0 ([0, 0, 0, 0, 0, 0, 0, 0])
[Mon Oct  7 22:14:55 2024] >> 4 ([0, 0, 1, 0]) * 1 ([1, 0, 0, 0]) = 4 ([0, 0, 1, 0, 0, 0, 0, 0])
[Mon Oct  7 22:14:55 2024] >> 4 ([0, 0, 1, 0]) * 2 ([0, 1, 0, 0]) = 8 ([0, 0, 0, 1, 0, 0, 0, 0])
[Mon Oct  7 22:14:55 2024] >> 4 ([0, 0, 1, 0]) * 3 ([1, 1, 0, 0]) = 12 ([0, 0, 1, 1, 0, 0, 0, 0])
[Mon Oct  7 22:14:55 2024] >> 4 ([0, 0, 1, 0]) * 4 ([0, 0, 1, 0]) = 16 ([0, 0, 0, 0, 1, 0, 0, 0])
[Mon Oct  7 22:14:55 2024] >> 4 ([0, 0, 1, 0]) * 5 ([1, 0, 1, 0]) = 20 ([0, 0, 1, 0, 1, 0, 0, 0])
[Mon Oct  7 22:14:55 2024] >> 4 ([0, 0, 1, 0]) * 6 ([0, 1, 1, 0]) = 24 ([0, 0, 0, 1, 1, 0, 0, 0])
[Mon Oct  7 22:14:55 2024] >> 4 ([0, 0, 1, 0]) * 7 ([1, 1, 1, 0]) = 28 ([0, 0, 1, 1, 1, 0, 0, 0])
[Mon Oct  7 22:14:55 2024] >> 5 ([1, 0, 1, 0]) * -8 ([0, 0, 0, 1]) = -40 ([0, 0, 0, 1, 1, 0, 1, 1])
[Mon Oct  7 22:14:55 2024] >> 5 ([1, 0, 1, 0]) * -7 ([1, 0, 0, 1]) = -35 ([1, 0, 1, 1, 1, 0, 1, 1])
[Mon Oct  7 22:14:55 2024] >> 5 ([1, 0, 1, 0]) * -6 ([0, 1, 0, 1]) = -30 ([0, 1, 0, 0, 0, 1, 1, 1])
[Mon Oct  7 22:14:55 2024] >> 5 ([1, 0, 1, 0]) * -5 ([1, 1, 0, 1]) = -25 ([1, 1, 1, 0, 0, 1, 1, 1])
[Mon Oct  7 22:14:55 2024] >> 5 ([1, 0, 1, 0]) * -4 ([0, 0, 1, 1]) = -20 ([0, 0, 1, 1, 0, 1, 1, 1])
[Mon Oct  7 22:14:55 2024] >> 5 ([1, 0, 1, 0]) * -3 ([1, 0, 1, 1]) = -15 ([1, 0, 0, 0, 1, 1, 1, 1])
[Mon Oct  7 22:14:55 2024] >> 5 ([1, 0, 1, 0]) * -2 ([0, 1, 1, 1]) = -10 ([0, 1, 1, 0, 1, 1, 1, 1])
[Mon Oct  7 22:14:55 2024] >> 5 ([1, 0, 1, 0]) * -1 ([1, 1, 1, 1]) = -5 ([1, 1, 0, 1, 1, 1, 1, 1])
[Mon Oct  7 22:14:55 2024] >> 5 ([1, 0, 1, 0]) * 0 ([0, 0, 0, 0]) = 0 ([0, 0, 0, 0, 0, 0, 0, 0])
[Mon Oct  7 22:14:55 2024] >> 5 ([1, 0, 1, 0]) * 1 ([1, 0, 0, 0]) = 5 ([1, 0, 1, 0, 0, 0, 0, 0])
[Mon Oct  7 22:14:55 2024] >> 5 ([1, 0, 1, 0]) * 2 ([0, 1, 0, 0]) = 10 ([0, 1, 0, 1, 0, 0, 0, 0])
[Mon Oct  7 22:14:55 2024] >> 5 ([1, 0, 1, 0]) * 3 ([1, 1, 0, 0]) = 15 ([1, 1, 1, 1, 0, 0, 0, 0])
[Mon Oct  7 22:14:55 2024] >> 5 ([1, 0, 1, 0]) * 4 ([0, 0, 1, 0]) = 20 ([0, 0, 1, 0, 1, 0, 0, 0])
[Mon Oct  7 22:14:55 2024] >> 5 ([1, 0, 1, 0]) * 5 ([1, 0, 1, 0]) = 25 ([1, 0, 0, 1, 1, 0, 0, 0])
[Mon Oct  7 22:14:55 2024] >> 5 ([1, 0, 1, 0]) * 6 ([0, 1, 1, 0]) = 30 ([0, 1, 1, 1, 1, 0, 0, 0])
[Mon Oct  7 22:14:55 2024] >> 5 ([1, 0, 1, 0]) * 7 ([1, 1, 1, 0]) = 35 ([1, 1, 0, 0, 0, 1, 0, 0])
[Mon Oct  7 22:14:55 2024] >> 6 ([0, 1, 1, 0]) * -8 ([0, 0, 0, 1]) = -48 ([0, 0, 0, 0, 1, 0, 1, 1])
[Mon Oct  7 22:14:55 2024] >> 6 ([0, 1, 1, 0]) * -7 ([1, 0, 0, 1]) = -42 ([0, 1, 1, 0, 1, 0, 1, 1])
[Mon Oct  7 22:14:55 2024] >> 6 ([0, 1, 1, 0]) * -6 ([0, 1, 0, 1]) = -36 ([0, 0, 1, 1, 1, 0, 1, 1])
[Mon Oct  7 22:14:55 2024] >> 6 ([0, 1, 1, 0]) * -5 ([1, 1, 0, 1]) = -30 ([0, 1, 0, 0, 0, 1, 1, 1])
[Mon Oct  7 22:14:55 2024] >> 6 ([0, 1, 1, 0]) * -4 ([0, 0, 1, 1]) = -24 ([0, 0, 0, 1, 0, 1, 1, 1])
[Mon Oct  7 22:14:55 2024] >> 6 ([0, 1, 1, 0]) * -3 ([1, 0, 1, 1]) = -18 ([0, 1, 1, 1, 0, 1, 1, 1])
[Mon Oct  7 22:14:55 2024] >> 6 ([0, 1, 1, 0]) * -2 ([0, 1, 1, 1]) = -12 ([0, 0, 1, 0, 1, 1, 1, 1])
[Mon Oct  7 22:14:55 2024] >> 6 ([0, 1, 1, 0]) * -1 ([1, 1, 1, 1]) = -6 ([0, 1, 0, 1, 1, 1, 1, 1])
[Mon Oct  7 22:14:55 2024] >> 6 ([0, 1, 1, 0]) * 0 ([0, 0, 0, 0]) = 0 ([0, 0, 0, 0, 0, 0, 0, 0])
[Mon Oct  7 22:14:55 2024] >> 6 ([0, 1, 1, 0]) * 1 ([1, 0, 0, 0]) = 6 ([0, 1, 1, 0, 0, 0, 0, 0])
[Mon Oct  7 22:14:55 2024] >> 6 ([0, 1, 1, 0]) * 2 ([0, 1, 0, 0]) = 12 ([0, 0, 1, 1, 0, 0, 0, 0])
[Mon Oct  7 22:14:55 2024] >> 6 ([0, 1, 1, 0]) * 3 ([1, 1, 0, 0]) = 18 ([0, 1, 0, 0, 1, 0, 0, 0])
[Mon Oct  7 22:14:55 2024] >> 6 ([0, 1, 1, 0]) * 4 ([0, 0, 1, 0]) = 24 ([0, 0, 0, 1, 1, 0, 0, 0])
[Mon Oct  7 22:14:55 2024] >> 6 ([0, 1, 1, 0]) * 5 ([1, 0, 1, 0]) = 30 ([0, 1, 1, 1, 1, 0, 0, 0])
[Mon Oct  7 22:14:55 2024] >> 6 ([0, 1, 1, 0]) * 6 ([0, 1, 1, 0]) = 36 ([0, 0, 1, 0, 0, 1, 0, 0])
[Mon Oct  7 22:14:55 2024] >> 6 ([0, 1, 1, 0]) * 7 ([1, 1, 1, 0]) = 42 ([0, 1, 0, 1, 0, 1, 0, 0])
[Mon Oct  7 22:14:55 2024] >> 7 ([1, 1, 1, 0]) * -8 ([0, 0, 0, 1]) = -56 ([0, 0, 0, 1, 0, 0, 1, 1])
[Mon Oct  7 22:14:55 2024] >> 7 ([1, 1, 1, 0]) * -7 ([1, 0, 0, 1]) = -49 ([1, 1, 1, 1, 0, 0, 1, 1])
[Mon Oct  7 22:14:55 2024] >> 7 ([1, 1, 1, 0]) * -6 ([0, 1, 0, 1]) = -42 ([0, 1, 1, 0, 1, 0, 1, 1])
[Mon Oct  7 22:14:55 2024] >> 7 ([1, 1, 1, 0]) * -5 ([1, 1, 0, 1]) = -35 ([1, 0, 1, 1, 1, 0, 1, 1])
[Mon Oct  7 22:14:55 2024] >> 7 ([1, 1, 1, 0]) * -4 ([0, 0, 1, 1]) = -28 ([0, 0, 1, 0, 0, 1, 1, 1])
[Mon Oct  7 22:14:55 2024] >> 7 ([1, 1, 1, 0]) * -3 ([1, 0, 1, 1]) = -21 ([1, 1, 0, 1, 0, 1, 1, 1])
[Mon Oct  7 22:14:55 2024] >> 7 ([1, 1, 1, 0]) * -2 ([0, 1, 1, 1]) = -14 ([0, 1, 0, 0, 1, 1, 1, 1])
[Mon Oct  7 22:14:55 2024] >> 7 ([1, 1, 1, 0]) * -1 ([1, 1, 1, 1]) = -7 ([1, 0, 0, 1, 1, 1, 1, 1])
[Mon Oct  7 22:14:55 2024] >> 7 ([1, 1, 1, 0]) * 0 ([0, 0, 0, 0]) = 0 ([0, 0, 0, 0, 0, 0, 0, 0])
[Mon Oct  7 22:14:55 2024] >> 7 ([1, 1, 1, 0]) * 1 ([1, 0, 0, 0]) = 7 ([1, 1, 1, 0, 0, 0, 0, 0])
[Mon Oct  7 22:14:55 2024] >> 7 ([1, 1, 1, 0]) * 2 ([0, 1, 0, 0]) = 14 ([0, 1, 1, 1, 0, 0, 0, 0])
[Mon Oct  7 22:14:55 2024] >> 7 ([1, 1, 1, 0]) * 3 ([1, 1, 0, 0]) = 21 ([1, 0, 1, 0, 1, 0, 0, 0])
[Mon Oct  7 22:14:55 2024] >> 7 ([1, 1, 1, 0]) * 4 ([0, 0, 1, 0]) = 28 ([0, 0, 1, 1, 1, 0, 0, 0])
[Mon Oct  7 22:14:55 2024] >> 7 ([1, 1, 1, 0]) * 5 ([1, 0, 1, 0]) = 35 ([1, 1, 0, 0, 0, 1, 0, 0])
[Mon Oct  7 22:14:55 2024] >> 7 ([1, 1, 1, 0]) * 6 ([0, 1, 1, 0]) = 42 ([0, 1, 0, 1, 0, 1, 0, 0])
[Mon Oct  7 22:14:55 2024] >> 7 ([1, 1, 1, 0]) * 7 ([1, 1, 1, 0]) = 49 ([1, 0, 0, 0, 1, 1, 0, 0])
